First Generation:
268.729499176646925484579497833692585118114948272705078125
942.67283978447030967640074550217832438647747039794921875
487.41041269086707832247640226341900415718555450439453125
1034.7458478646173510549777230238532865769229829311370849609375
1333.0197201375976281401136702697840519249439239501953125
53.453450636205952772872507239299011416733264923095703125
33.0529485377322718164805337437428534030914306640625
117.20185175134044808231692513800226151943206787109375
92.8874688308092828492590342648327350616455078125
575.130784246237857261496717597992756054736673831939697265625
143.054217339318642476797549534239806234836578369140625
274.48003953584946668087241050670854747295379638671875
410.995513441007584987119116703979671001434326171875
1644.13024118428721587203966691959067247807979583740234375
189.376648552878882103556179572478868067264556884765625
1.35731999640002776175151666393503546714782714843750000
830.95617911245973541412013219087384641170501708984375
8.8678395158502666684174897682169103063642978668212890625
43.6245579600998195125838297059317483217455446720123291015625
4.9343120034286541419898952653966262005269527435302734375
312.67668710348350469274691931786946952342987060546875
2324.48153442203593088688506895778118632733821868896484375
800.9699658957864727426567696966230869293212890625
169.58261356836501809741690749433473683893680572509765625
360.4954525078219311762239840390975587069988250732421875
97.470900504463904301388765816227532923221588134765625
82.97930528479179812517685377315501682460308074951171875
1122.901276590773147034951762179844081401824951171875
237.6211833112965994274645709083415567874908447265625
9.12606484188677491431462840409949421882629394531250
2.734593834182365623686195021946332417428493499755859375
72.764720938474170441878641213406808674335479736328125
1161.9688475829120684057471635242109186947345733642578125
212.0293602257672507249708360177464783191680908203125
3.6297660628438757346447829377211746759712696075439453125
0.744332583701892834537883203438468626700341701507568359375
311.6614683531095035817770622088573873043060302734375
325.2983648972400485543943204902461729943752288818359375
24.8086016571216176895831040383200161159038543701171875
235.0214377893187833734600644675083458423614501953125
125.5445769405498700199697026391731924377381801605224609375
66.238293321739795616043267045824904926121234893798828125
1040.11444729384732710286698420532047748565673828125
288.497574653417916845654644930618815124034881591796875
290.626321801607975015002693908172659575939178466796875
9.390589927687070570527794188819825649261474609375
998.67993009453338171255154520622454583644866943359375
349.0509802585059568880154756698175333440303802490234375
146.46247494044488457465291730841272510588169097900390625
243.8568074892397967712298623155220411717891693115234375
13.9532408818841471287441891035996377468109130859375
394.0801716643686898322584966081194579601287841796875
1952.3566428851011824718852949445135891437530517578125
12.2162025781273781976921100067556835711002349853515625
275.108122334630650573927823643316514790058135986328125
775.7573899000678050441592858987860381603240966796875
1.6686609054414443579182625310153298414661549031734466552734375
165.922167887869948632584282677271403372287750244140625
1044.2841345410275037952629872961551882326602935791015625
687.89233656019350604537976323626935482025146484375
101.573921407741524947088151975549408234655857086181640625
4.01130878978535585139587882341771774008520878851413726806640625
1749.51539626836753171801319695077836513519287109375
2188.52568628930912009167286669253371655941009521484375
201.1889120333754667757641954040082055144011974334716796875
270.791494289449279075920884451988968066871166229248046875
89.273972962101155188829881836909407866187393665313720703125
601.19200595623577587645058883936144411563873291015625
360.84744092085275557479917551972903311252593994140625
792.21909146011678526377863818197511136531829833984375
1116.20609920938619552543968893587589263916015625
594.1446494056055322163789611522588529624044895172119140625
129.2977188383597333398711271001957356929779052734375
11.16037618898570915604295805678702890872955322265625
5.204524062802236006319844818790443241596221923828125
104.49925780738321803679802268760568040306679904460906982421875
297.293486955666949267396148570696823298931121826171875
59.1013683836606047439232725082547403872013092041015625
362.03013804580093992768752286792732775211334228515625
36.00538595975525257841809434466995298862457275390625
364.963137284913417435205928995856083929538726806640625
1.801016462795764265514275592749982024542987346649169921875
860.225585571234734771906005335040390491485595703125
6.6949677178332647198288896106532774865627288818359375
286.219368253623701658927558355571818538010120391845703125
101.7243711527499645252969884268168243579566478729248046875
2.36168173651131331480801378575051785446703433990478515625
268.84279276673476199999157643105718307197093963623046875
386.8863532121530237617434977437369525432586669921875
127.3902479462586943004254180777934379875659942626953125
168.88180893119177984618151100448812940157949924468994140625
0.0688510116020338062102490450655523090972565114498138427734375
27.77278432377065986447206569209811277687549591064453125
2070.8058145795121021137674688361585140228271484375
59.295824181524654450381461856522946618497371673583984375
4.13374721215141394115022421829053200781345367431640625
166.2878782577392009767169867018310469575226306915283203125
2481.350977238209555508774428744800388813018798828125
439.82145342091783302151952739222906529903411865234375
599.915664599694803051088687340097749256528913974761962890625
1084.61192421725150580869012628681957721710205078125
153.41779938862258791942849711631424725055694580078125
370.66743260076348231990550630143843591213226318359375
9.896709868023068291421895370518768686451949179172515869140625
2201.857892140023057692133079399354755878448486328125
314.9394295273479686958495449289330281317234039306640625
1601.1175797614803981705478008734644390642642974853515625
47.80937253264913433525862274109385907649993896484375
338.9217708198358849358555744402110576629638671875
274.316986892899775607457257819987717084586620330810546875
666.400498400857134839725404162891209125518798828125
141.0043462289582467672488519383477978408336639404296875
82.4941287452932900947644156985916197299957275390625
45.99289706093891838545317796160816214978694915771484375
2330.8738753099914939870274110944592393934726715087890625
500.67253700779711333979093978996388614177703857421875
487.43181291890415973711014885338954627513885498046875
721.10013320495351674122019858259591273963451385498046875
223.86134306836783469663032519747503101825714111328125
1666.62343737552946765223538250211277045309543609619140625
0.1841074974437907399958669341089034787728451192378997802734375
17.15291981261826048665852795238606631755828857421875
394.975079927896065346004661478218622505664825439453125
112.0096212405885349738809964037500321865081787109375
653.53432477527925659188667850685305893421173095703125
72.3520617389287021836707936017774045467376708984375
5.64550725205115266902566872886382043361663818359375
2165.19782602117057590529469734974554739892482757568359375
740.98539996112425232155374033027328550815582275390625
7.31965354828747383209019972127862274646759033203125
316.56882790630596868908241958706639707088470458984375
99.4750807023635090775570688492734916508197784423828125
1.66967676073908244394061739512835629284381866455078125
185.5673916386614994422643576399423182010650634765625
1332.6529432990855495722026802241089171729981899261474609375
49.03655601204487657351904772440320812165737152099609375
20.1410649618980877040286259216372855007648468017578125
28.52480321963348164349127955574658699333667755126953125
409.708620345761995562572366225140285678207874298095703125
256.465053476873523885526395815759315155446529388427734375
7.9137702598591683766926507814787328243255615234375
1529.8163252021636981936580923502333462238311767578125
916.508373138468858343230749596841633319854736328125
4.8392517712560978448976811705506406724452972412109375
211.1126459689092751403904912876896560192108154296875
34.4002658028315426719245806452818214893341064453125
98.837635842264898400344463880173861980438232421875
1311.142116657425519765656218851290759630501270294189453125
998.8604333109783421917882151319645345211029052734375
411.2885321638628217076616433445224174647592008113861083984375
147.847355684789136365253625626792199909687042236328125
2.33555591703989906537941578790196217596530914306640625
68.00149028386340040370529325119974828339763917028903961181640625
291.3667065391252062322990923348697833716869354248046875
231.9215541735417678292918708393699489533901214599609375
1105.4303116213481092966475216599064879119396209716796875
275.554623788284806185089337304816581308841705322265625
67.2253359943497788009381110896356403827667236328125
533.94586554927407906490088862483389675617218017578125
288.2801245216990648767563243382028304040431976318359375
744.17411482314199933085774318897165358066558837890625
857.40005191253238070459019581903703510761260986328125
197.0775698264252617786240762143279425799846649169921875
15.2000320310808601266538975238518105470575392246246337890625
62.094167564745382126289996449486352503299713134765625
692.6465063888376791322032399733643615036271512508392333984375
497.35979679059945102181927722995169460773468017578125
213.7022271109385851417528101592324674129486083984375
338.9649474510831821394418739146203733980655670166015625
61.516677394049440241730053458013571798801422119140625
71.404960433358402038805934353149496018886566162109375
54.213782627995472207516058915643952786922454833984375
136.6102382984670129406623573231627233326435089111328125
75.437880934192799331494683201526640914380550384521484375
321.240359681470648733903061611272278241813182830810546875
136.83567557919057600113177386447205208241939544677734375
1590.8508771424701241647969851555899367667734622955322265625
151.99936919891753550615476342500187456607818603515625
230.06711033302225732910528677166439592838287353515625
928.84485002138609388566692359745502471923828125
392.39875460207808000046014740291866473853588104248046875
1950.79856186857973099346708067969302646815776824951171875
468.8381861109785512554959385767006097012199461460113525390625
148.877654504647400975081428242674519424326717853546142578125
85.551275728304612133712225841009058058261871337890625
1249.26458822509627293040335160867471131496131420135498046875
5.7688600119265369681187394235166721045970916748046875
738.864339527785659068881418676255634636618196964263916015625
36.85545550483120014195748126439866609871387481689453125
116.43914972541466267864918027186149629415012896060943603515625
68.483102940578208350785871516563929617404937744140625
675.40688496156418096916240756399929523468017578125
357.67716363999670503570627033695927821099758148193359375
128.133145907066366586679606598409009166061878204345703125
86.10121134996700309471862055943347513675689697265625
130.284998172997635634828839101828634738922119140625
18.8795359747457483778898534865220426581799983978271484375
470.23440271832227575765639215887858881615102291107177734375
23.10140080716580524011760644498281180858612060546875
43.58683620577528028405822624335996806621551513671875
319.688397273784967733689654778572730720043182373046875
433.63419517879476483557255050982348620891571044921875
1896.9325618201139518337328127017826773226261138916015625
134.17365089264832485327350042325633694417774677276611328125
183.3836369344410350823437738654320128262042999267578125
95.7521667917171708239720828714780509471893310546875
4.5159708913405314234523757477290928363800048828125
48.58545427100600726244561400335442158393561840057373046875
12.3073535990989810784412838984280824661254882812500
149.073678984882622373074612109888903432874940335750579833984375
225.14122377465732682821908383630216121673583984375
107.134507097515577545010501125943847000598907470703125
250.146680754783545808095368556678295135498046875
43.31488807733871169991513028207918978296220302581787109375
85.8659629679059628604154141839899239130318164825439453125
248.7850974644189199214139307514415122568607330322265625
200.5072674535850843768880480411098687909543514251708984375
487.43585641359251869886293206945993006229400634765625
196.43080113422362033281931559258737252093851566314697265625
23.6118452682152749344535180853199562989175319671630859375
115.722229199532547827544703977764584124088287353515625
535.4501623199797766261553988442756235599517822265625
398.4357496265474944951989755281829275190830230712890625
18.45304073661632937586318803369067609310150146484375
27.3353279624141520809388339330325834453105926513671875
210.7828058506689199447237115236930549144744873046875
1983.701058916644106577820139136747457087039947509765625
13.4521524380536903198191112096537835896015167236328125
81.14804344897844321144765589171043984606512822210788726806640625
413.9051432932197212011260489816777408123016357421875
389.264155599599457835413574002814129926264286041259765625
1230.0214323855989686506973157520405948162078857421875
96.69321154647071503429600625167950056493282318115234375
552.924450992696212114907439172384329140186309814453125
1534.42958162683710998663855207269079983234405517578125
2.91244231680209887669352752936902106739580631256103515625
642.15264957386841791764364728578584617935121059417724609375
0.8644603125559909007069592234984156675636768341064453125
120.810900581642289619566099645453505218029022216796875
1130.897703262411852165314485318958759307861328125
335.6026424989986960412124972208403050899505615234375
1688.618178453401409200296257040463387966156005859375
22.814341938925732922172073813271708786487579345703125
83.2949961641287692504231898737998562864959239959716796875
742.7099268927639545978536261827684938907623291015625
125.37050593272754728246809463598765432834625244140625
12.328011234040339105799688468323438428342342376708984375
47.384159604785836383822328343740082345902919769287109375
199.14258068439978719040006627238881264929659664630889892578125
300.241171322896509554567501254496164619922637939453125
2951.711616949065035697685743798501789569854736328125
407.485783338734642189393753142212517559528350830078125
136.9043063421303651761018471688657882623374462127685546875
950.24361491421272507551520902779884636402130126953125
138.39086428783105819917409462505020201206207275390625
493.3999918696557618058573524422172340564429759979248046875
17.520947152791931156201599151245318353176116943359375
17.75692415667842016802069338154979050159454345703125
3.8894275619942433319664587543229572474956512451171875
489.54157274632567375949321331063401885330677032470703125
1.8243437574203019979623974222704418934881687164306640625
46.9412927962699288893244631282186674070544540882110595703125
952.42128333145778196211495014722459018230438232421875
1058.6005475255468761819344081231974996626377105712890625
15.19117640410274905349297114298678934574127197265625
1896.3395889496787309891345785217708908021450042724609375
625.53179971110995349903305395855568349361419677734375
982.49558079828623124996056503732688724994659423828125
94.615900489818830276789185518282465636730194091796875
357.2093855817459193691121299707447178661823272705078125
269.238455794295028500329181042616255581378936767578125
1286.4739635090645323567404290088234120048582553863525390625
1167.28866390289576104866142713945009745657444000244140625
1650.62899196966745041237345503759570419788360595703125
184.0777918155677513045720417039774474687874317169189453125
172.34472038821573125488839650643058121204376220703125
23.0561050240439140320003463813236521673388779163360595703125
0.43950601383811976376192465210124282748438417911529541015625
107.959253420025570617546417651055890019051730632781982421875
107.2465428344441031871525638052844442427158355712890625
694.38014717133355535594319007941521704196929931640625
1148.7886532567265529536371104768477380275726318359375
180.87940573900428820053321032901294529438018798828125
345.253991914266210816464308663853444159030914306640625
12.0417580454605730455597267791745252907276153564453125
1009.6159354748295996773155280834544100798666477203369140625
306.871212399251110269915443495847284793853759765625
85.0914442127469335674927464197025983594357967376708984375
22.25784084741015546315967554846793063916265964508056640625
83.2761997815050943605452715701176202856004238128662109375
833.57839038478804383203168981708586215972900390625
238.3965826589765518439545388673650450073182582855224609375
1.88815983209954775523531367298346594907343387603759765625
10.8420346914169982710518524982035160064697265625000
178.054848779721075657800355429571936838328838348388671875
19.974323052498089869910558036281145177781581878662109375
62.63836418278084718080922499439111561514437198638916015625
299.77210589963813280878213163305190391838550567626953125
519.289267033493313452385820028212037868797779083251953125
211.2638645719437159031794948305105208419263362884521484375
2244.242998683275072124843063647858798503875732421875
684.07382682762736693209137950333342814701609313488006591796875
154.5672917614465446956018013224820606410503387451171875
344.7351551310558105678527596182902925647795200347900390625
1329.7556320188498002465848912834189832210540771484375
717.96025879158857618822509039091528393328189849853515625
2140.6406181612416228521311722943210043013095855712890625
0.32511680371578625080297708649368360056541860103607177734375
17.976993605960767286244816887119668535888195037841796875
58.604459066281342549675770214889780618250370025634765625
0.90673948171121265815486367500852793455123901367187500
172.3717471904814792782456578379424172453582286834716796875
555.3520040337352757509048473139046109281480312347412109375
804.29338209545117788223933530389331281185150146484375
825.624412338212369824770597848129227713798172771930694580078125
980.8615609158551773560930087114684283733367919921875
64.22015450407502168417295251856558024883270263671875
1.945737010371785924434107073466293513774871826171875
555.760407421966849739192184642888605594635009765625
747.97003905388872233538088973858748431666754186153411865234375
399.9719523294960570325429216609336435794830322265625
8.53059889964694306740966567303985357284545898437500
41.77950559041752065514430114490096457302570343017578125
8.846708742578441586612569835779140703380107879638671875
52.4303761257274432150410348185687325894832611083984375
838.1576089116483974095217490685172379016876220703125
71.11091669493028864269812405751736150705255568027496337890625
520.657735207573181636375725389598301262594759464263916015625
61.556644495102480561798952152230413048528134822845458984375
1443.27891577848968640562787868475425057113170623779296875
261.35153957977379523931684042470369178090550121851265430450439453125
6.1761796695014925528965932244318537414073944091796875
57.41472673508298940614480443400680087506771087646484375
189.9816611353046396093446901431889273226261138916015625
6.641076600659172157747889286838471889495849609375
1854.05910192300079497584874843596480786800384521484375
115.6047087431826885239871671728906221687793731689453125
186.743028014304659034650057947146706283092498779296875
15.520499403226012312406734139358377433381974697113037109375
389.7251904847006892806948741281303227879106998443603515625
324.795881757161026825997396372258663177490234375
212.97097531536132830609631128027103841304779052734375
10.159549301302352120046634809114038944244384765625
75.173911313092311281547353019050206057727336883544921875
317.9639110018648946454078441092860884964466094970703125
9.14771544493588528723648778395727276802062988281250
193.5394881922234642246394287212751805782318115234375
1895.30342898969015685839423213110421784222126007080078125
34.10963508724951127881741541614246671088039875030517578125
243.123316549510008421908224818253074772655963897705078125
23.69211284985670146717440243122609899728558957576751708984375
3.70983312843526924496018182253465056419372558593750
1672.60703855859853916854262934066355228424072265625
1875.34091000285904016209315159358084201812744140625
1539.96587352237390577958109361134120263159275054931640625
3.92450830077945778118220232499879784882068634033203125
575.60321211987646083940717289806343615055084228515625
530.9053460580412373559511252096854150295257568359375
1843.7682491346398574449949592235498130321502685546875
57.42108251436360699671013207989744842052459716796875
111.28703388220508241346351496758870780467987060546875
2932.2593417091220846515398079645819962024688720703125
51.5090347123519941875680050458186087780632078647613525390625
487.6954651818425023890313241281546652317047119140625
79.54291614638982199636529912822879850864410400390625
870.007811115043247662814707155121141113340854644775390625
6.0681791032387779605272726257680915296077728271484375
2.183815653098006848154000181239098310470581054687500
704.663075800583757146711150198825635015964508056640625
16.6722187357897215775892618694342672824859619140625
111.20611493826150617536541176377795636653900146484375
9.89557757929591454149065299361609504558145999908447265625
1268.9813629453487904275021946887136436998844146728515625
391.8674463137066275829345496362066114670597016811370849609375
1874.17974445882819711783895400003530085086822509765625
136.031275613732015317136614385162829421460628509521484375
200.67350390047224217848764737937017343938350677490234375
719.42310952390789856314423644789712852798402309417724609375
44.96033055444801629363382744486443698406219482421875
546.552109196085552124400042117713383049704134464263916015625
276.4401666787493540844433681513692135922610759735107421875
28.9476829439880391781070301249201293103396892547607421875
407.464341198467209448352832623641006648540496826171875
156.60865598551854116493586843716911971569061279296875
1063.06123625400535548379821193520911037921905517578125
2159.98729956898677062593350228780764155089855194091796875
123.521322292019652244743355140599305741488933563232421875
4.347233455518748179713384161004796624183654785156250
3.76430730433864157991052934448816813528537750244140625
740.41643511330019490623843836374362581409513950347900390625
2450.550698487329546626511955764726735651493072509765625
621.39802366893165608274784972309134900569915771484375
2075.07911474899420500861424443428404629230499267578125
350.16036972045857977864358190345228649675846099853515625
151.70224313050650179202083478458007448352873325347900390625
348.384634291157783803072334194439463317394256591796875
561.54971948921456004200081224553287029266357421875
144.910536727435256099116855921238311566412448883056640625
2237.99603161159160757964770027683698572218418121337890625
64.60457619578305898944137197759118862450122833251953125
604.228995277039362190164666077674127109276014380156993865966796875
18.419461036495681983959915584136979305185377597808837890625
212.1386646423509210190871954182512126863002777099609375
53.17970517207087877142868137525510974228382110595703125
467.2648666875300355327826906659538508392870426177978515625
0.16110072647287192182385950900425086729228496551513671875
92.918980479585780773987835345906205475330352783203125
931.582815379804887123693646344690932892262935638427734375
81.526236230845536834266340520116500556468963623046875
873.2443275964903657559990080017087166197597980499267578125
102.02823343160988489586316063650883734226226806640625
315.8827475887685134470217462876462377607822418212890625
18.7957858724810134010141382532310672104358673095703125
293.030581722560612423222892175544984638690948486328125
54.7277181279310553918548976071178913116455078125
415.31569323536501944977607225784055344774969853460788726806640625
556.1151213691373820235952507573529146611690521240234375
165.96122791422780695658190097674378193914890289306640625
734.7754004459278063254856760977418161928653717041015625
1.863057067151712653529926910778158344328403472900390625
1774.44830057349805141342358183464966714382171630859375
171.484232502619815097233413325739093124866485595703125
87.45888815913493719023108496912755072116851806640625
1617.792025326550442387851802550358115695416927337646484375
199.55737749822548376954500781721435487270355224609375
394.72194131422572382916769129224121570587158203125
353.1555838760592422875816964733530767261981964111328125
1397.0035893885730278185519637190736830234527587890625
23.2533412531856402694074859027750790119171142578125
844.62240274429878805761973126209340989589691162109375
1544.1459044742247364023768341212416999042034149169921875
351.8051352432255824975726454795221798121929168701171875
651.40003565697643228560309580643661320209503173828125
231.503363113687094188009041317855007946491241455078125
633.37210013957334886480765590022201649844646453857421875
467.931679041548538311445781801012344658374786376953125
2092.41341205145878490156974294222891330718994140625
367.3384335695978311076004274582373909652233123779296875
188.6981169512771767671210909611545503139495849609375
99.455832514074653971647421712987124919891357421875
11.0791350164588511262309111771173775196075439453125
2022.2151470324106679044007250922732055187225341796875
139.8962080385804946924821479115053080022335052490234375
0.080923185727822845303425225438331835903227329254150390625
28.64725191743837928726179598015733063220977783203125
388.663636353948899582189113743879715912044048309326171875
314.8851949061365080861918386290199123322963714599609375
57.538589532863769260284669826432946138083934783935546875
10.70868485701089856121370758046396076679229736328125
924.6102318319723263329024121048860251903533935546875
49.7428330403373737678140997786613297648727893829345703125
12.3697309130199121882283386231193844650988467037677764892578125
1163.5651145051712003208876922144554555416107177734375
51.673132535318199831664287557941861450672149658203125
429.8539891551748975998220418659467867428247700445353984832763671875
264.7711978553688351445405402273536310531198978424072265625
1026.92411601091835837706867096130736172199249267578125
833.24330293327144136839024213259108364582061767578125
1102.9703124131669422502977084832309628836810588836669921875
22.37693127163144518436410645989553813706152141094207763671875
1350.7277586187938840378564009370165877044200897216796875
1221.0410760661765525725286352098919451236724853515625
3025.1924650100804914387708777212537825107574462890625
1739.96936698826101375114916436359635554254055023193359375
348.0214393310114002755284445811412297189235687255859375
27.413625138391629121326076301556895487010478973388671875
401.69331052618756638938890546342008747160434722900390625
56.40562526603663118240916674039908684790134429931640625
306.53455827878414834131159949492939631454646587371826171875
64.80960640332376687666737780091352760791778564453125
90.45693992992726872870434817741625010967254638671875
91.4929109023579147930149702006019651889801025390625
5.46709262128195661034624208696186542510986328125000
486.8035615163610453082210227648829459212720394134521484375
29.87663327542203983711033288273029029369354248046875
595.4663759303178895976316198357380926609039306640625
315.26033889136876060821368383813023683615028858184814453125
751.6580190225112350077552036964334547519683837890625
0.64496707352088038234239064649955253116786479949951171875
552.55255089172881592662900374079981702379882335662841796875
503.45810508776932168384377064285217784345149993896484375
9.46851786842765807961086466093547642230987548828125
16.26844575915357982154318960965611040592193603515625
248.175487268641125460089114085349137894809246063232421875
288.567328856497271605263676974573172628879547119140625
515.7330240544368036570421764963612076826393604278564453125
826.424707776515189205923661575070582330226898193359375
1036.48733977068532634280284554506579297594726085662841796875
670.2583221609420448816596405094969668425619602203369140625
107.8451519013974664318311624811030924320220947265625
72.498954911572199844016495262621901929378509521484375
109.973487043860642810300110028265407891012728214263916015625
514.93499269905604247567188457013198643608120619319379329681396484375
200.802694275106310271838960801460416405461728572845458984375
0.01036812694314921654589571609061948720409418456256389617919921875
6.884973525801699079096351852058432996273040771484375
1018.079957201721103154934411350041045807301998138427734375
207.27859284158999031433268100954592227935791015625
226.763598541526192775563686154782772064208984375
18.335319227965758359655268350252299569547176361083984375

No.1Best:3402.149838357532747323830335517413914203643798828125
No.1current:3402.149838357532747323830335517413914203643798828125

No.2Best:3108.9109370999563264348353186505846679210662841796875
No.2current:3402.149838357532747323830335517413914203643798828125

No.3Best:3376.570855451976869598951225270866416394710540771484375
No.3current:3402.149838357532747323830335517413914203643798828125

No.4Best:3425.1576279022231250603880425842362456023693084716796875
No.4current:3425.1576279022231250603880425842362456023693084716796875

No.5Best:3599.5175381215558712000301966327242553234100341796875
No.5current:3599.5175381215558712000301966327242553234100341796875

No.6Best:2924.1539293352356256860957728349603712558746337890625
No.6current:3599.5175381215558712000301966327242553234100341796875

No.7Best:2958.8451526584884963000376956188119947910308837890625
No.7current:3599.5175381215558712000301966327242553234100341796875

No.8Best:3045.485172274933931557683308710693381726741790771484375
No.8current:3599.5175381215558712000301966327242553234100341796875

No.9Best:3238.907854237872669500575284473598003387451171875
No.9current:3599.5175381215558712000301966327242553234100341796875

No.10Best:3561.1937240016471744041837155236862599849700927734375
No.10current:3599.5175381215558712000301966327242553234100341796875

No.11Best:3509.0725524299049258303284659632481634616851806640625
No.11current:3599.5175381215558712000301966327242553234100341796875

No.12Best:3599.5175381215558712000301966327242553234100341796875
No.12current:3599.5175381215558712000301966327242553234100341796875

No.13Best:2717.6927869387600882333799745538271963596343994140625
No.13current:3599.5175381215558712000301966327242553234100341796875

No.14Best:3024.3970552304380792207894046441651880741119384765625
No.14current:3599.5175381215558712000301966327242553234100341796875

No.15Best:3312.7867336191120823940536865848116576671600341796875
No.15current:3599.5175381215558712000301966327242553234100341796875

No.16Best:3662.0069819775733730438105339999310672283172607421875
No.16current:3662.0069819775733730438105339999310672283172607421875

No.17Best:2963.442046839920461565043297014199197292327880859375
No.17current:3662.0069819775733730438105339999310672283172607421875

No.18Best:3560.833472483368264960290616727434098720550537109375
No.18current:3662.0069819775733730438105339999310672283172607421875

No.19Best:3613.524309042981027317864572978578507900238037109375
No.19current:3662.0069819775733730438105339999310672283172607421875

No.20Best:3745.62718326707308591494438587687909603118896484375
No.20current:3745.62718326707308591494438587687909603118896484375

No.21Best:3745.62718326707308591494438587687909603118896484375
No.21current:3745.62718326707308591494438587687909603118896484375

No.22Best:2307.03150940813746228030822749133221805095672607421875
No.22current:3745.62718326707308591494438587687909603118896484375

No.23Best:3745.62718326707308591494438587687909603118896484375
No.23current:3745.62718326707308591494438587687909603118896484375

No.24Best:2647.2264272769087920522679269197396934032440185546875
No.24current:3745.62718326707308591494438587687909603118896484375

No.25Best:2534.6262137359236330524936420260928571224212646484375
No.25current:3745.62718326707308591494438587687909603118896484375

No.26Best:3735.84378296793138218845342635177075862884521484375
No.26current:3745.62718326707308591494438587687909603118896484375

No.27Best:3413.2878101946087279205954700955771841108798980712890625
No.27current:3745.62718326707308591494438587687909603118896484375

No.28Best:2281.08841319161661242986838260549120604991912841796875
No.28current:3745.62718326707308591494438587687909603118896484375

No.29Best:3767.2187869547946181825182065949775278568267822265625
No.29current:3767.2187869547946181825182065949775278568267822265625

No.30Best:2310.1013906301995888270539580844342708587646484375
No.30current:3767.2187869547946181825182065949775278568267822265625

No.31Best:2429.0181838086923793440519148134626448154449462890625
No.31current:3767.2187869547946181825182065949775278568267822265625

No.32Best:2357.6384417128368848892705500475130975246429443359375
No.32current:3767.2187869547946181825182065949775278568267822265625

No.33Best:3456.615671441839136690532541251741349697113037109375
No.33current:3767.2187869547946181825182065949775278568267822265625

No.34Best:2928.7535850688644725181575267924927175045013427734375
No.34current:3767.2187869547946181825182065949775278568267822265625

No.35Best:2967.8827042025573330619181433576159179210662841796875
No.35current:3767.2187869547946181825182065949775278568267822265625

No.36Best:3307.7911903524859074110509027377702295780181884765625
No.36current:3767.2187869547946181825182065949775278568267822265625

No.37Best:2805.0489842117049423819707953953184187412261962890625
No.37current:3767.2187869547946181825182065949775278568267822265625

No.38Best:3319.9427859710075470189849511370994150638580322265625
No.38current:3767.2187869547946181825182065949775278568267822265625

No.39Best:3319.9427859710075470189849511370994150638580322265625
No.39current:3767.2187869547946181825182065949775278568267822265625

No.40Best:3718.2896048084193214577908292994834482669830322265625
No.40current:3767.2187869547946181825182065949775278568267822265625

No.41Best:3592.5742605180970574707544074044562876224517822265625
No.41current:3767.2187869547946181825182065949775278568267822265625

No.42Best:1305.0911271371256905382551849470473825931549072265625
No.42current:3767.2187869547946181825182065949775278568267822265625

No.43Best:3666.8484728106421197679765100474469363689422607421875
No.43current:3767.2187869547946181825182065949775278568267822265625

No.44Best:3701.70287908469926918542114435695111751556396484375
No.44current:3767.2187869547946181825182065949775278568267822265625

No.45Best:3246.1886723306690925028306082822382450103759765625
No.45current:3767.2187869547946181825182065949775278568267822265625

No.46Best:3767.2187869547946181825182065949775278568267822265625
No.46current:3767.2187869547946181825182065949775278568267822265625

No.47Best:2929.45319564510000276413848041556775569915771484375
No.47current:3767.2187869547946181825182065949775278568267822265625

No.48Best:3225.9138957411683161780047157662920653820037841796875
No.48current:3767.2187869547946181825182065949775278568267822265625

No.49Best:3767.2187869547946181825182065949775278568267822265625
No.49current:3767.2187869547946181825182065949775278568267822265625

No.50Best:3160.6419795044647660375858322368003427982330322265625
No.50current:3767.2187869547946181825182065949775278568267822265625

No.51Best:910.25295111322361574224260039045475423336029052734375
No.51current:3767.2187869547946181825182065949775278568267822265625

No.52Best:947.29302302513260514160720049403607845306396484375
No.52current:3767.2187869547946181825182065949775278568267822265625

No.53Best:2503.56608101307553493342084038886241614818572998046875
No.53current:3767.2187869547946181825182065949775278568267822265625

No.54Best:3022.8269826192962543842668310389854013919830322265625
No.54current:3767.2187869547946181825182065949775278568267822265625

No.55Best:1416.6548915032377262690488350926898419857025146484375
No.55current:3767.2187869547946181825182065949775278568267822265625

No.56Best:3696.83843213804848204517838894389569759368896484375
No.56current:3767.2187869547946181825182065949775278568267822265625

No.57Best:3172.6039175198953472545326803810894489288330078125
No.57current:3767.2187869547946181825182065949775278568267822265625

No.58Best:3152.4828914227481764243066209019161760807037353515625
No.58current:3767.2187869547946181825182065949775278568267822265625

No.59Best:3323.317221669335243205978258629329502582550048828125
No.59current:3767.2187869547946181825182065949775278568267822265625

No.60Best:2343.8746971829164582601379152038134634494781494140625
No.60current:3767.2187869547946181825182065949775278568267822265625

No.61Best:3767.2187869547946181825182065949775278568267822265625
No.61current:3767.2187869547946181825182065949775278568267822265625

No.62Best:3424.86490258239327744149704813025891780853271484375
No.62current:3767.2187869547946181825182065949775278568267822265625

No.63Best:3628.5623442534262057534988343832083046436309814453125
No.63current:3767.2187869547946181825182065949775278568267822265625

No.64Best:3459.6124370589299221734336242661811411380767822265625
No.64current:3767.2187869547946181825182065949775278568267822265625

No.65Best:3767.2187869547946181825182065949775278568267822265625
No.65current:3767.2187869547946181825182065949775278568267822265625

No.66Best:3767.2187869547946181825182065949775278568267822265625
No.66current:3767.2187869547946181825182065949775278568267822265625

No.67Best:3268.6002381851235529808263891027309000492095947265625
No.67current:3767.2187869547946181825182065949775278568267822265625

No.68Best:3725.1964510224950526406928474898450076580047607421875
No.68current:3767.2187869547946181825182065949775278568267822265625

No.69Best:3777.0430984940761707235878930077888071537017822265625
No.69current:3777.0430984940761707235878930077888071537017822265625

No.70Best:3160.6419795044647660375858322368003427982330322265625
No.70current:3777.0430984940761707235878930077888071537017822265625

No.71Best:3561.2337712433595964256483057397417724132537841796875
No.71current:3777.0430984940761707235878930077888071537017822265625

No.72Best:3727.1417049429060259768675678060390055179595947265625
No.72current:3777.0430984940761707235878930077888071537017822265625

No.73Best:3156.1482405561449784414662644849158823490142822265625
No.73current:3777.0430984940761707235878930077888071537017822265625

No.74Best:3582.5288508837959540187512175180017948150634765625
No.74current:3777.0430984940761707235878930077888071537017822265625

No.75Best:2950.112089475701164786869412637315690517425537109375
No.75current:3777.0430984940761707235878930077888071537017822265625

No.76Best:3816.4685950178903883767134175286628305912017822265625
No.76current:3816.4685950178903883767134175286628305912017822265625

No.77Best:2658.896279854358464689312313566915690898895263671875
No.77current:3816.4685950178903883767134175286628305912017822265625

No.78Best:3532.256535395652687014944604015909135341644287109375
No.78current:3816.4685950178903883767134175286628305912017822265625

No.79Best:3354.3410139005755166152766832965426146984100341796875
No.79current:3816.4685950178903883767134175286628305912017822265625

No.80Best:2438.32977621459289441219198124599643051624298095703125
No.80current:3816.4685950178903883767134175286628305912017822265625

No.81Best:3117.6853615399066210756018335814587771892547607421875
No.81current:3816.4685950178903883767134175286628305912017822265625

No.82Best:3871.0137068211087214564258829341270029544830322265625
No.82current:3871.0137068211087214564258829341270029544830322265625

No.83Best:3900.9291052040288239055598751292563974857330322265625
No.83current:3900.9291052040288239055598751292563974857330322265625

No.84Best:3614.1238263535007053661729514715261757373809814453125
No.84current:3900.9291052040288239055598751292563974857330322265625

No.85Best:3747.6086389862379153470328674302436411380767822265625
No.85current:3900.9291052040288239055598751292563974857330322265625

No.86Best:3900.9291052040288239055598751292563974857330322265625
No.86current:3900.9291052040288239055598751292563974857330322265625

No.87Best:3124.3462707502219615207650349475443363189697265625
No.87current:3900.9291052040288239055598751292563974857330322265625

No.88Best:3111.3871953271412937880313620553351938724517822265625
No.88current:3900.9291052040288239055598751292563974857330322265625

No.89Best:2490.851026020943340455460202065296471118927001953125
No.89current:3900.9291052040288239055598751292563974857330322265625

No.90Best:3196.14094457279812644401317811571061611175537109375
No.90current:3900.9291052040288239055598751292563974857330322265625

No.91Best:3043.6539723813547180242267131689004600048065185546875
No.91current:3900.9291052040288239055598751292563974857330322265625

No.92Best:2825.8267306302349108904081731452606618404388427734375
No.92current:3900.9291052040288239055598751292563974857330322265625

No.93Best:3698.8077072065510808585031554684974253177642822265625
No.93current:3900.9291052040288239055598751292563974857330322265625

No.94Best:3900.9291052040288239055598751292563974857330322265625
No.94current:3900.9291052040288239055598751292563974857330322265625

No.95Best:3900.9291052040288239055598751292563974857330322265625
No.95current:3900.9291052040288239055598751292563974857330322265625

No.96Best:3392.4027716065861977057238618726842105388641357421875
No.96current:3900.9291052040288239055598751292563974857330322265625

No.97Best:3191.7479305254212391673718229867517948150634765625
No.97current:3900.9291052040288239055598751292563974857330322265625

No.98Best:3880.9726812454135913554864600882865488529205322265625
No.98current:3900.9291052040288239055598751292563974857330322265625

No.99Best:3205.7557132418613807800511494860984385013580322265625
No.99current:3900.9291052040288239055598751292563974857330322265625

No.100Best:3321.7297501539564255068626152933575212955474853515625
No.100current:3900.9291052040288239055598751292563974857330322265625


No100group:
2061.6951040920070585826806564000435173511505126953125
735.84236460687147118875373053015209734439849853515625
2061.6951040920070585826806564000435173511505126953125
2146.6857281431381050396112186717800796031951904296875
2061.6951040920070585826806564000435173511505126953125
2061.6951040920070585826806564000435173511505126953125
2061.6951040920070585826806564000435173511505126953125
2061.6951040920070585826806564000435173511505126953125
2061.6951040920070585826806564000435173511505126953125
2061.6951040920070585826806564000435173511505126953125
330.51766140078920341860424514379701577126979827880859375
2061.6951040920070585826806564000435173511505126953125
2061.6951040920070585826806564000435173511505126953125
735.84236460687147118875373053015209734439849853515625
735.84236460687147118875373053015209734439849853515625
2061.6951040920070585826806564000435173511505126953125
735.84236460687147118875373053015209734439849853515625
355.88270682384540244402870712292497046291828155517578125
735.84236460687147118875373053015209734439849853515625
330.51766140078920341860424514379701577126979827880859375
2061.6951040920070585826806564000435173511505126953125
735.84236460687147118875373053015209734439849853515625
735.84236460687147118875373053015209734439849853515625
355.88270682384540244402870712292497046291828155517578125
330.51766140078920341860424514379701577126979827880859375
2061.6951040920070585826806564000435173511505126953125
2061.6951040920070585826806564000435173511505126953125
735.84236460687147118875373053015209734439849853515625
2061.6951040920070585826806564000435173511505126953125
735.84236460687147118875373053015209734439849853515625
2146.6857281431381050396112186717800796031951904296875
2061.6951040920070585826806564000435173511505126953125
2061.6951040920070585826806564000435173511505126953125
330.51766140078920341860424514379701577126979827880859375
2146.6857281431381050396112186717800796031951904296875
2061.6951040920070585826806564000435173511505126953125
735.84236460687147118875373053015209734439849853515625
735.84236460687147118875373053015209734439849853515625
355.88270682384540244402870712292497046291828155517578125
2061.6951040920070585826806564000435173511505126953125
330.51766140078920341860424514379701577126979827880859375
2061.6951040920070585826806564000435173511505126953125
735.84236460687147118875373053015209734439849853515625
2061.6951040920070585826806564000435173511505126953125
735.84236460687147118875373053015209734439849853515625
2146.6857281431381050396112186717800796031951904296875
2146.6857281431381050396112186717800796031951904296875
2146.6857281431381050396112186717800796031951904296875
330.51766140078920341860424514379701577126979827880859375
2061.6951040920070585826806564000435173511505126953125
2146.6857281431381050396112186717800796031951904296875
735.84236460687147118875373053015209734439849853515625
355.88270682384540244402870712292497046291828155517578125
2061.6951040920070585826806564000435173511505126953125
2061.6951040920070585826806564000435173511505126953125
355.88270682384540244402870712292497046291828155517578125
2061.6951040920070585826806564000435173511505126953125
2061.6951040920070585826806564000435173511505126953125
2061.6951040920070585826806564000435173511505126953125
330.51766140078920341860424514379701577126979827880859375
735.84236460687147118875373053015209734439849853515625
330.51766140078920341860424514379701577126979827880859375
1302.91581928448542715415214843233115971088409423828125
2146.6857281431381050396112186717800796031951904296875
2061.6951040920070585826806564000435173511505126953125
2061.6951040920070585826806564000435173511505126953125
735.84236460687147118875373053015209734439849853515625
2061.6951040920070585826806564000435173511505126953125
735.84236460687147118875373053015209734439849853515625
330.51766140078920341860424514379701577126979827880859375
3321.7297501539564255068626152933575212955474853515625
735.84236460687147118875373053015209734439849853515625
2061.6951040920070585826806564000435173511505126953125
2061.6951040920070585826806564000435173511505126953125
2146.6857281431381050396112186717800796031951904296875
735.84236460687147118875373053015209734439849853515625
2061.6951040920070585826806564000435173511505126953125
735.84236460687147118875373053015209734439849853515625
330.51766140078920341860424514379701577126979827880859375
355.88270682384540244402870712292497046291828155517578125
2061.6951040920070585826806564000435173511505126953125
2061.6951040920070585826806564000435173511505126953125
2061.6951040920070585826806564000435173511505126953125
2061.6951040920070585826806564000435173511505126953125
2061.6951040920070585826806564000435173511505126953125
735.84236460687147118875373053015209734439849853515625
735.84236460687147118875373053015209734439849853515625
355.88270682384540244402870712292497046291828155517578125
735.84236460687147118875373053015209734439849853515625
2061.6951040920070585826806564000435173511505126953125
735.84236460687147118875373053015209734439849853515625
1302.91581928448542715415214843233115971088409423828125
2061.6951040920070585826806564000435173511505126953125
2061.6951040920070585826806564000435173511505126953125
2061.6951040920070585826806564000435173511505126953125
2061.6951040920070585826806564000435173511505126953125
735.84236460687147118875373053015209734439849853515625
2061.6951040920070585826806564000435173511505126953125
735.84236460687147118875373053015209734439849853515625
2061.6951040920070585826806564000435173511505126953125
735.84236460687147118875373053015209734439849853515625
330.51766140078920341860424514379701577126979827880859375
2061.6951040920070585826806564000435173511505126953125
735.84236460687147118875373053015209734439849853515625
735.84236460687147118875373053015209734439849853515625
2061.6951040920070585826806564000435173511505126953125
735.84236460687147118875373053015209734439849853515625
355.88270682384540244402870712292497046291828155517578125
2061.6951040920070585826806564000435173511505126953125
2061.6951040920070585826806564000435173511505126953125
2061.6951040920070585826806564000435173511505126953125
2061.6951040920070585826806564000435173511505126953125
2061.6951040920070585826806564000435173511505126953125
2061.6951040920070585826806564000435173511505126953125
2061.6951040920070585826806564000435173511505126953125
735.84236460687147118875373053015209734439849853515625
735.84236460687147118875373053015209734439849853515625
735.84236460687147118875373053015209734439849853515625
2061.6951040920070585826806564000435173511505126953125
2061.6951040920070585826806564000435173511505126953125
735.84236460687147118875373053015209734439849853515625
2061.6951040920070585826806564000435173511505126953125
2061.6951040920070585826806564000435173511505126953125
735.84236460687147118875373053015209734439849853515625
735.84236460687147118875373053015209734439849853515625
735.84236460687147118875373053015209734439849853515625
2061.6951040920070585826806564000435173511505126953125
355.88270682384540244402870712292497046291828155517578125
355.88270682384540244402870712292497046291828155517578125
2061.6951040920070585826806564000435173511505126953125
2061.6951040920070585826806564000435173511505126953125
735.84236460687147118875373053015209734439849853515625
330.51766140078920341860424514379701577126979827880859375
735.84236460687147118875373053015209734439849853515625
2061.6951040920070585826806564000435173511505126953125
2061.6951040920070585826806564000435173511505126953125
355.88270682384540244402870712292497046291828155517578125
735.84236460687147118875373053015209734439849853515625
735.84236460687147118875373053015209734439849853515625
330.51766140078920341860424514379701577126979827880859375
2061.6951040920070585826806564000435173511505126953125
2146.6857281431381050396112186717800796031951904296875
2061.6951040920070585826806564000435173511505126953125
2061.6951040920070585826806564000435173511505126953125
355.88270682384540244402870712292497046291828155517578125
2061.6951040920070585826806564000435173511505126953125
2061.6951040920070585826806564000435173511505126953125
355.88270682384540244402870712292497046291828155517578125
2061.6951040920070585826806564000435173511505126953125
2061.6951040920070585826806564000435173511505126953125
330.51766140078920341860424514379701577126979827880859375
735.84236460687147118875373053015209734439849853515625
2061.6951040920070585826806564000435173511505126953125
735.84236460687147118875373053015209734439849853515625
2061.6951040920070585826806564000435173511505126953125
2061.6951040920070585826806564000435173511505126953125
735.84236460687147118875373053015209734439849853515625
3900.9291052040288239055598751292563974857330322265625
2061.6951040920070585826806564000435173511505126953125
2061.6951040920070585826806564000435173511505126953125
2146.6857281431381050396112186717800796031951904296875
330.51766140078920341860424514379701577126979827880859375
735.84236460687147118875373053015209734439849853515625
2061.6951040920070585826806564000435173511505126953125
2061.6951040920070585826806564000435173511505126953125
355.88270682384540244402870712292497046291828155517578125
735.84236460687147118875373053015209734439849853515625
2061.6951040920070585826806564000435173511505126953125
2061.6951040920070585826806564000435173511505126953125
735.84236460687147118875373053015209734439849853515625
2061.6951040920070585826806564000435173511505126953125
330.51766140078920341860424514379701577126979827880859375
735.84236460687147118875373053015209734439849853515625
2061.6951040920070585826806564000435173511505126953125
735.84236460687147118875373053015209734439849853515625
2061.6951040920070585826806564000435173511505126953125
2061.6951040920070585826806564000435173511505126953125
2061.6951040920070585826806564000435173511505126953125
2061.6951040920070585826806564000435173511505126953125
2146.6857281431381050396112186717800796031951904296875
330.51766140078920341860424514379701577126979827880859375
330.51766140078920341860424514379701577126979827880859375
735.84236460687147118875373053015209734439849853515625
2061.6951040920070585826806564000435173511505126953125
735.84236460687147118875373053015209734439849853515625
735.84236460687147118875373053015209734439849853515625
2061.6951040920070585826806564000435173511505126953125
735.84236460687147118875373053015209734439849853515625
2061.6951040920070585826806564000435173511505126953125
330.51766140078920341860424514379701577126979827880859375
735.84236460687147118875373053015209734439849853515625
735.84236460687147118875373053015209734439849853515625
2061.6951040920070585826806564000435173511505126953125
735.84236460687147118875373053015209734439849853515625
330.51766140078920341860424514379701577126979827880859375
2061.6951040920070585826806564000435173511505126953125
3321.7297501539564255068626152933575212955474853515625
735.84236460687147118875373053015209734439849853515625
330.51766140078920341860424514379701577126979827880859375
735.84236460687147118875373053015209734439849853515625
735.84236460687147118875373053015209734439849853515625
735.84236460687147118875373053015209734439849853515625
2061.6951040920070585826806564000435173511505126953125
2061.6951040920070585826806564000435173511505126953125
735.84236460687147118875373053015209734439849853515625
2061.6951040920070585826806564000435173511505126953125
2061.6951040920070585826806564000435173511505126953125
2061.6951040920070585826806564000435173511505126953125
2061.6951040920070585826806564000435173511505126953125
735.84236460687147118875373053015209734439849853515625
2061.6951040920070585826806564000435173511505126953125
355.88270682384540244402870712292497046291828155517578125
1302.91581928448542715415214843233115971088409423828125
2061.6951040920070585826806564000435173511505126953125
2061.6951040920070585826806564000435173511505126953125
735.84236460687147118875373053015209734439849853515625
735.84236460687147118875373053015209734439849853515625
2061.6951040920070585826806564000435173511505126953125
2061.6951040920070585826806564000435173511505126953125
735.84236460687147118875373053015209734439849853515625
735.84236460687147118875373053015209734439849853515625
2061.6951040920070585826806564000435173511505126953125
735.84236460687147118875373053015209734439849853515625
2061.6951040920070585826806564000435173511505126953125
735.84236460687147118875373053015209734439849853515625
735.84236460687147118875373053015209734439849853515625
2061.6951040920070585826806564000435173511505126953125
2061.6951040920070585826806564000435173511505126953125
2061.6951040920070585826806564000435173511505126953125
330.51766140078920341860424514379701577126979827880859375
355.88270682384540244402870712292497046291828155517578125
2061.6951040920070585826806564000435173511505126953125
2146.6857281431381050396112186717800796031951904296875
2061.6951040920070585826806564000435173511505126953125
355.88270682384540244402870712292497046291828155517578125
735.84236460687147118875373053015209734439849853515625
735.84236460687147118875373053015209734439849853515625
2061.6951040920070585826806564000435173511505126953125
735.84236460687147118875373053015209734439849853515625
2061.6951040920070585826806564000435173511505126953125
2061.6951040920070585826806564000435173511505126953125
2146.6857281431381050396112186717800796031951904296875
735.84236460687147118875373053015209734439849853515625
2061.6951040920070585826806564000435173511505126953125
2061.6951040920070585826806564000435173511505126953125
330.51766140078920341860424514379701577126979827880859375
330.51766140078920341860424514379701577126979827880859375
735.84236460687147118875373053015209734439849853515625
2061.6951040920070585826806564000435173511505126953125
2061.6951040920070585826806564000435173511505126953125
2146.6857281431381050396112186717800796031951904296875
2061.6951040920070585826806564000435173511505126953125
735.84236460687147118875373053015209734439849853515625
2061.6951040920070585826806564000435173511505126953125
2061.6951040920070585826806564000435173511505126953125
2061.6951040920070585826806564000435173511505126953125
2061.6951040920070585826806564000435173511505126953125
735.84236460687147118875373053015209734439849853515625
355.88270682384540244402870712292497046291828155517578125
735.84236460687147118875373053015209734439849853515625
735.84236460687147118875373053015209734439849853515625
2061.6951040920070585826806564000435173511505126953125
735.84236460687147118875373053015209734439849853515625
735.84236460687147118875373053015209734439849853515625
735.84236460687147118875373053015209734439849853515625
2061.6951040920070585826806564000435173511505126953125
735.84236460687147118875373053015209734439849853515625
330.51766140078920341860424514379701577126979827880859375
2061.6951040920070585826806564000435173511505126953125
2061.6951040920070585826806564000435173511505126953125
2061.6951040920070585826806564000435173511505126953125
735.84236460687147118875373053015209734439849853515625
735.84236460687147118875373053015209734439849853515625
735.84236460687147118875373053015209734439849853515625
3321.7297501539564255068626152933575212955474853515625
735.84236460687147118875373053015209734439849853515625
2146.6857281431381050396112186717800796031951904296875
2146.6857281431381050396112186717800796031951904296875
2061.6951040920070585826806564000435173511505126953125
2061.6951040920070585826806564000435173511505126953125
735.84236460687147118875373053015209734439849853515625
2061.6951040920070585826806564000435173511505126953125
735.84236460687147118875373053015209734439849853515625
2061.6951040920070585826806564000435173511505126953125
2061.6951040920070585826806564000435173511505126953125
1302.91581928448542715415214843233115971088409423828125
3321.7297501539564255068626152933575212955474853515625
2061.6951040920070585826806564000435173511505126953125
735.84236460687147118875373053015209734439849853515625
735.84236460687147118875373053015209734439849853515625
355.88270682384540244402870712292497046291828155517578125
2061.6951040920070585826806564000435173511505126953125
735.84236460687147118875373053015209734439849853515625
2061.6951040920070585826806564000435173511505126953125
3321.7297501539564255068626152933575212955474853515625
2061.6951040920070585826806564000435173511505126953125
735.84236460687147118875373053015209734439849853515625
735.84236460687147118875373053015209734439849853515625
2146.6857281431381050396112186717800796031951904296875
735.84236460687147118875373053015209734439849853515625
2061.6951040920070585826806564000435173511505126953125
2146.6857281431381050396112186717800796031951904296875
735.84236460687147118875373053015209734439849853515625
2061.6951040920070585826806564000435173511505126953125
2061.6951040920070585826806564000435173511505126953125
2061.6951040920070585826806564000435173511505126953125
735.84236460687147118875373053015209734439849853515625
355.88270682384540244402870712292497046291828155517578125
2061.6951040920070585826806564000435173511505126953125
2061.6951040920070585826806564000435173511505126953125
2061.6951040920070585826806564000435173511505126953125
735.84236460687147118875373053015209734439849853515625
2061.6951040920070585826806564000435173511505126953125
2061.6951040920070585826806564000435173511505126953125
2061.6951040920070585826806564000435173511505126953125
735.84236460687147118875373053015209734439849853515625
735.84236460687147118875373053015209734439849853515625
735.84236460687147118875373053015209734439849853515625
2061.6951040920070585826806564000435173511505126953125
330.51766140078920341860424514379701577126979827880859375
2061.6951040920070585826806564000435173511505126953125
2061.6951040920070585826806564000435173511505126953125
2061.6951040920070585826806564000435173511505126953125
735.84236460687147118875373053015209734439849853515625
2061.6951040920070585826806564000435173511505126953125
2061.6951040920070585826806564000435173511505126953125
2061.6951040920070585826806564000435173511505126953125
2061.6951040920070585826806564000435173511505126953125
735.84236460687147118875373053015209734439849853515625
735.84236460687147118875373053015209734439849853515625
330.51766140078920341860424514379701577126979827880859375
2061.6951040920070585826806564000435173511505126953125
735.84236460687147118875373053015209734439849853515625
330.51766140078920341860424514379701577126979827880859375
735.84236460687147118875373053015209734439849853515625
2061.6951040920070585826806564000435173511505126953125
2061.6951040920070585826806564000435173511505126953125
2146.6857281431381050396112186717800796031951904296875
355.88270682384540244402870712292497046291828155517578125
2061.6951040920070585826806564000435173511505126953125
3321.7297501539564255068626152933575212955474853515625
355.88270682384540244402870712292497046291828155517578125
2061.6951040920070585826806564000435173511505126953125
44.200688327267219523974972616997547447681427001953125
735.84236460687147118875373053015209734439849853515625
735.84236460687147118875373053015209734439849853515625
2061.6951040920070585826806564000435173511505126953125
2061.6951040920070585826806564000435173511505126953125
735.84236460687147118875373053015209734439849853515625
2061.6951040920070585826806564000435173511505126953125
2061.6951040920070585826806564000435173511505126953125
735.84236460687147118875373053015209734439849853515625
2061.6951040920070585826806564000435173511505126953125
735.84236460687147118875373053015209734439849853515625
735.84236460687147118875373053015209734439849853515625
2061.6951040920070585826806564000435173511505126953125
735.84236460687147118875373053015209734439849853515625
2061.6951040920070585826806564000435173511505126953125
2061.6951040920070585826806564000435173511505126953125
2061.6951040920070585826806564000435173511505126953125
2146.6857281431381050396112186717800796031951904296875
2061.6951040920070585826806564000435173511505126953125
735.84236460687147118875373053015209734439849853515625
2061.6951040920070585826806564000435173511505126953125
735.84236460687147118875373053015209734439849853515625
2061.6951040920070585826806564000435173511505126953125
735.84236460687147118875373053015209734439849853515625
2061.6951040920070585826806564000435173511505126953125
2061.6951040920070585826806564000435173511505126953125
735.84236460687147118875373053015209734439849853515625
2061.6951040920070585826806564000435173511505126953125
735.84236460687147118875373053015209734439849853515625
2061.6951040920070585826806564000435173511505126953125
735.84236460687147118875373053015209734439849853515625
2146.6857281431381050396112186717800796031951904296875
2061.6951040920070585826806564000435173511505126953125
2061.6951040920070585826806564000435173511505126953125
735.84236460687147118875373053015209734439849853515625
44.200688327267219523974972616997547447681427001953125
735.84236460687147118875373053015209734439849853515625
2061.6951040920070585826806564000435173511505126953125
2061.6951040920070585826806564000435173511505126953125
2061.6951040920070585826806564000435173511505126953125
355.88270682384540244402870712292497046291828155517578125
735.84236460687147118875373053015209734439849853515625
330.51766140078920341860424514379701577126979827880859375
735.84236460687147118875373053015209734439849853515625
2061.6951040920070585826806564000435173511505126953125
2061.6951040920070585826806564000435173511505126953125
2061.6951040920070585826806564000435173511505126953125
2146.6857281431381050396112186717800796031951904296875
330.51766140078920341860424514379701577126979827880859375
2061.6951040920070585826806564000435173511505126953125
735.84236460687147118875373053015209734439849853515625
2061.6951040920070585826806564000435173511505126953125
355.88270682384540244402870712292497046291828155517578125
2061.6951040920070585826806564000435173511505126953125
330.51766140078920341860424514379701577126979827880859375
2061.6951040920070585826806564000435173511505126953125
735.84236460687147118875373053015209734439849853515625
735.84236460687147118875373053015209734439849853515625
2061.6951040920070585826806564000435173511505126953125
330.51766140078920341860424514379701577126979827880859375
330.51766140078920341860424514379701577126979827880859375
2061.6951040920070585826806564000435173511505126953125
735.84236460687147118875373053015209734439849853515625
2061.6951040920070585826806564000435173511505126953125
2061.6951040920070585826806564000435173511505126953125
2146.6857281431381050396112186717800796031951904296875
2061.6951040920070585826806564000435173511505126953125
2061.6951040920070585826806564000435173511505126953125
735.84236460687147118875373053015209734439849853515625
735.84236460687147118875373053015209734439849853515625
355.88270682384540244402870712292497046291828155517578125
3321.7297501539564255068626152933575212955474853515625
735.84236460687147118875373053015209734439849853515625
735.84236460687147118875373053015209734439849853515625
2146.6857281431381050396112186717800796031951904296875
735.84236460687147118875373053015209734439849853515625
2061.6951040920070585826806564000435173511505126953125
735.84236460687147118875373053015209734439849853515625
2061.6951040920070585826806564000435173511505126953125
735.84236460687147118875373053015209734439849853515625
2061.6951040920070585826806564000435173511505126953125
330.51766140078920341860424514379701577126979827880859375
735.84236460687147118875373053015209734439849853515625
2061.6951040920070585826806564000435173511505126953125
330.51766140078920341860424514379701577126979827880859375
2146.6857281431381050396112186717800796031951904296875
2061.6951040920070585826806564000435173511505126953125
2061.6951040920070585826806564000435173511505126953125
2061.6951040920070585826806564000435173511505126953125
330.51766140078920341860424514379701577126979827880859375
2061.6951040920070585826806564000435173511505126953125
735.84236460687147118875373053015209734439849853515625
2061.6951040920070585826806564000435173511505126953125
735.84236460687147118875373053015209734439849853515625
2061.6951040920070585826806564000435173511505126953125
735.84236460687147118875373053015209734439849853515625
2061.6951040920070585826806564000435173511505126953125
735.84236460687147118875373053015209734439849853515625
2061.6951040920070585826806564000435173511505126953125
2061.6951040920070585826806564000435173511505126953125
2146.6857281431381050396112186717800796031951904296875
735.84236460687147118875373053015209734439849853515625
735.84236460687147118875373053015209734439849853515625
2061.6951040920070585826806564000435173511505126953125
735.84236460687147118875373053015209734439849853515625
2061.6951040920070585826806564000435173511505126953125
735.84236460687147118875373053015209734439849853515625
2061.6951040920070585826806564000435173511505126953125
44.200688327267219523974972616997547447681427001953125
735.84236460687147118875373053015209734439849853515625
330.51766140078920341860424514379701577126979827880859375
2061.6951040920070585826806564000435173511505126953125
2061.6951040920070585826806564000435173511505126953125
735.84236460687147118875373053015209734439849853515625
735.84236460687147118875373053015209734439849853515625
2146.6857281431381050396112186717800796031951904296875
2061.6951040920070585826806564000435173511505126953125
2061.6951040920070585826806564000435173511505126953125
735.84236460687147118875373053015209734439849853515625
735.84236460687147118875373053015209734439849853515625
735.84236460687147118875373053015209734439849853515625
735.84236460687147118875373053015209734439849853515625
2061.6951040920070585826806564000435173511505126953125
2061.6951040920070585826806564000435173511505126953125
2061.6951040920070585826806564000435173511505126953125
735.84236460687147118875373053015209734439849853515625
2146.6857281431381050396112186717800796031951904296875
2061.6951040920070585826806564000435173511505126953125
2146.6857281431381050396112186717800796031951904296875
735.84236460687147118875373053015209734439849853515625
2061.6951040920070585826806564000435173511505126953125
2061.6951040920070585826806564000435173511505126953125
2061.6951040920070585826806564000435173511505126953125
2061.6951040920070585826806564000435173511505126953125
735.84236460687147118875373053015209734439849853515625
2061.6951040920070585826806564000435173511505126953125
735.84236460687147118875373053015209734439849853515625
2061.6951040920070585826806564000435173511505126953125
2061.6951040920070585826806564000435173511505126953125
330.51766140078920341860424514379701577126979827880859375
735.84236460687147118875373053015209734439849853515625
2061.6951040920070585826806564000435173511505126953125
2061.6951040920070585826806564000435173511505126953125
735.84236460687147118875373053015209734439849853515625
2061.6951040920070585826806564000435173511505126953125
2061.6951040920070585826806564000435173511505126953125
2061.6951040920070585826806564000435173511505126953125
735.84236460687147118875373053015209734439849853515625
2061.6951040920070585826806564000435173511505126953125
2061.6951040920070585826806564000435173511505126953125
735.84236460687147118875373053015209734439849853515625
2061.6951040920070585826806564000435173511505126953125
735.84236460687147118875373053015209734439849853515625
2061.6951040920070585826806564000435173511505126953125
2061.6951040920070585826806564000435173511505126953125
735.84236460687147118875373053015209734439849853515625
330.51766140078920341860424514379701577126979827880859375

